000000001
100000010
000000011
100000100
000000101
100000110
000000111
100001000
000001001
100001010
000001011
100001100
000001101
100001110
000001111
100010000
000010001
100010010
000010011
100010100
000010101
100010110
000010111
100011000
000011001
100011010
000011011
100011100
000011101
100011110
000011111
100100000
000100001
100100010
000100011
100100100
000100101
100100110
000100111
100101000
000101001
100101010
000101011
100101100
000101101
100101110
000101111
100110000
000110001
100110010
000110011
100110100
000110101
100110110
000110111
100111000
000111001
100111010
000111011
100111100
000111101
100111110
000111111
101000000
001000001
101000010
001000011
101000100
001000101
101000110
001000111
101001000
001001001
101001010
001001011
101001100
001001101
101001110
001001111
101010000
001010001
101010010
001010011
101010100
001010101
101010110
001010111
101011000
001011001
101011010
001011011
101011100
001011101
101011110
001011111
101100000
001100001
101100010
001100011
101100100
001100101
101100110
001100111
101101000
001101001
101101010
001101011
101101100
001101101
101101110
001101111
101110000
001110001
101110010
001110011
101110100
001110101
101110110
001110111
101111000
001111001
101111010
001111011
101111100
001111101
101111110
001111111
110000000
010000001
110000010
010000011
110000100
010000101
110000110
010000111
110001000
010001001
110001010
010001011
110001100
010001101
110001110
010001111
110010000
010010001
110010010
010010011
110010100
010010101
110010110
010010111
110011000
010011001
110011010
010011011
110011100
010011101
110011110
010011111
110100000
010100001
110100010
010100011
110100100
010100101
110100110
010100111
110101000
010101001
110101010
010101011
110101100
010101101
110101110
010101111
110110000
010110001
110110010
010110011
110110100
010110101
110110110
010110111
110111000
010111001
110111010
010111011
110111100
010111101
110111110
010111111
111000000
011000001
111000010
011000011
111000100
011000101
111000110
011000111
111001000
011001001
111001010
011001011
111001100
011001101
111001110
011001111
111010000
011010001
111010010
011010011
111010100
011010101
111010110
011010111
111011000
011011001
111011010
011011011
111011100
011011101
111011110
011011111
111100000
011100001
111100010
011100011
111100100
011100101
111100110
011100111
111101000
011101001
111101010
011101011
111101100
011101101
111101110
011101111
111110000
011110001
111110010
011110011
111110100
011110101
111110110
011110111
111111000
011111001
111111010
011111011
111111100
011111101
111111110
011111111
