111111111111111111111111111111111111
110111111101111111011111110111111101
110011111100111111001111110011111100
111001111110011111100111111001111110
111100111111001111110011111100111111
110110011101100111011001110110011101
110011001100110011001100110011001100
011001100110011001100110011001100110
001100110011001100110011001100110011
101110011011100110111001101110011011
111111001111110011111100111111001111
010111100101111001011110010111100101
000011110000111100001111000011110000
100001111000011110000111100001111000
110000111100001111000011110000111100
111000011110000111100001111000011110
111100001111000011110000111100001111
010110000101100001011000010110000101
000011000000110000001100000011000000
000001100000011000000110000001100000
000000110000001100000011000000110000
100000011000000110000001100000011000
110000001100000011000000110000001100
011000000110000001100000011000000110
001100000011000000110000001100000011
001110000011100000111000001110000011
001111000011110000111100001111000011
001111100011111000111110001111100011
001111110011111100111111001111110011
101111111011111110111111101111111011
111111111111111111111111111111111111
110111111101111111011111110111111101
110011111100111111001111110011111100
111001111110011111100111111001111110
111100111111001111110011111100111111
110110011101100111011001110110011101
110011001100110011001100110011001100
011001100110011001100110011001100110
001100110011001100110011001100110011
101110011011100110111001101110011011
111111001111110011111100111111001111
010111100101111001011110010111100101
000011110000111100001111000011110000
100001111000011110000111100001111000
110000111100001111000011110000111100
111000011110000111100001111000011110
111100001111000011110000111100001111
010110000101100001011000010110000101
000011000000110000001100000011000000
000001100000011000000110000001100000
000000110000001100000011000000110000
100000011000000110000001100000011000
110000001100000011000000110000001100
011000000110000001100000011000000110
001100000011000000110000001100000011
001110000011100000111000001110000011
001111000011110000111100001111000011
001111100011111000111110001111100011
001111110011111100111111001111110011
101111111011111110111111101111111011
111111111111111111111111111111111111
110111111101111111011111110111111101
110011111100111111001111110011111100
111001111110011111100111111001111110
111100111111001111110011111100111111
110110011101100111011001110110011101
110011001100110011001100110011001100
011001100110011001100110011001100110
001100110011001100110011001100110011
101110011011100110111001101110011011
111111001111110011111100111111001111
010111100101111001011110010111100101
000011110000111100001111000011110000
100001111000011110000111100001111000
110000111100001111000011110000111100
111000011110000111100001111000011110
111100001111000011110000111100001111
010110000101100001011000010110000101
000011000000110000001100000011000000
000001100000011000000110000001100000
000000110000001100000011000000110000
100000011000000110000001100000011000
110000001100000011000000110000001100
011000000110000001100000011000000110
001100000011000000110000001100000011
001110000011100000111000001110000011
001111000011110000111100001111000011
001111100011111000111110001111100011
001111110011111100111111001111110011
101111111011111110111111101111111011
111111111111111111111111111111111111
110111111101111111011111110111111101
110011111100111111001111110011111100
111001111110011111100111111001111110
111100111111001111110011111100111111
110110011101100111011001110110011101
110011001100110011001100110011001100
011001100110011001100110011001100110
001100110011001100110011001100110011
101110011011100110111001101110011011
111111001111110011111100111111001111
010111100101111001011110010111100101
000011110000111100001111000011110000
100001111000011110000111100001111000
110000111100001111000011110000111100
111000011110000111100001111000011110
111100001111000011110000111100001111
010110000101100001011000010110000101
000011000000110000001100000011000000
000001100000011000000110000001100000
000000110000001100000011000000110000
100000011000000110000001100000011000
110000001100000011000000110000001100
011000000110000001100000011000000110
001100000011000000110000001100000011
001110000011100000111000001110000011
001111000011110000111100001111000011
001111100011111000111110001111100011
001111110011111100111111001111110011
101111111011111110111111101111111011
111111111111111111111111111111111111
110111111101111111011111110111111101
110011111100111111001111110011111100
111001111110011111100111111001111110
111100111111001111110011111100111111
110110011101100111011001110110011101
110011001100110011001100110011001100
011001100110011001100110011001100110
001100110011001100110011001100110011
101110011011100110111001101110011011
111111001111110011111100111111001111
010111100101111001011110010111100101
000011110000111100001111000011110000
100001111000011110000111100001111000
110000111100001111000011110000111100
111000011110000111100001111000011110
111100001111000011110000111100001111
010110000101100001011000010110000101
000011000000110000001100000011000000
000001100000011000000110000001100000
000000110000001100000011000000110000
100000011000000110000001100000011000
110000001100000011000000110000001100
011000000110000001100000011000000110
001100000011000000110000001100000011
001110000011100000111000001110000011
001111000011110000111100001111000011
001111100011111000111110001111100011
001111110011111100111111001111110011
101111111011111110111111101111111011
111111111111111111111111111111111111
110111111101111111011111110111111101
110011111100111111001111110011111100
111001111110011111100111111001111110
111100111111001111110011111100111111
110110011101100111011001110110011101
110011001100110011001100110011001100
011001100110011001100110011001100110
001100110011001100110011001100110011
101110011011100110111001101110011011
111111001111110011111100111111001111
010111100101111001011110010111100101
000011110000111100001111000011110000
100001111000011110000111100001111000
110000111100001111000011110000111100
111000011110000111100001111000011110
111100001111000011110000111100001111
010110000101100001011000010110000101
000011000000110000001100000011000000
000001100000011000000110000001100000
000000110000001100000011000000110000
100000011000000110000001100000011000
110000001100000011000000110000001100
011000000110000001100000011000000110
001100000011000000110000001100000011
001110000011100000111000001110000011
001111000011110000111100001111000011
001111100011111000111110001111100011
001111110011111100111111001111110011
101111111011111110111111101111111011
111111111111111111111111111111111111
110111111101111111011111110111111101
110011111100111111001111110011111100
111001111110011111100111111001111110
111100111111001111110011111100111111
110110011101100111011001110110011101
110011001100110011001100110011001100
011001100110011001100110011001100110
001100110011001100110011001100110011
101110011011100110111001101110011011
111111001111110011111100111111001111
010111100101111001011110010111100101
000011110000111100001111000011110000
100001111000011110000111100001111000
110000111100001111000011110000111100
111000011110000111100001111000011110
111100001111000011110000111100001111
010110000101100001011000010110000101
000011000000110000001100000011000000
000001100000011000000110000001100000
000000110000001100000011000000110000
100000011000000110000001100000011000
110000001100000011000000110000001100
011000000110000001100000011000000110
001100000011000000110000001100000011
001110000011100000111000001110000011
001111000011110000111100001111000011
001111100011111000111110001111100011
001111110011111100111111001111110011
101111111011111110111111101111111011
111111111111111111111111111111111111
110111111101111111011111110111111101
110011111100111111001111110011111100
111001111110011111100111111001111110
111100111111001111110011111100111111
110110011101100111011001110110011101
110011001100110011001100110011001100
011001100110011001100110011001100110
001100110011001100110011001100110011
101110011011100110111001101110011011
111111001111110011111100111111001111
010111100101111001011110010111100101
000011110000111100001111000011110000
100001111000011110000111100001111000
110000111100001111000011110000111100
111000011110000111100001111000011110
111100001111000011110000111100001111
010110000101100001011000010110000101
000011000000110000001100000011000000
000001100000011000000110000001100000
000000110000001100000011000000110000
100000011000000110000001100000011000
110000001100000011000000110000001100
011000000110000001100000011000000110
001100000011000000110000001100000011
001110000011100000111000001110000011
001111000011110000111100001111000011
001111100011111000111110001111100011
001111110011111100111111001111110011
101111111011111110111111101111111011
111111111111111111111111111111111111
110111111101111111011111110111111101
110011111100111111001111110011111100
111001111110011111100111111001111110
111100111111001111110011111100111111
110110011101100111011001110110011101
110011001100110011001100110011001100
011001100110011001100110011001100110
001100110011001100110011001100110011
101110011011100110111001101110011011
111111001111110011111100111111001111
010111100101111001011110010111100101
000011110000111100001111000011110000
100001111000011110000111100001111000
110000111100001111000011110000111100
